robot_urdf_path: 'robots/kuka_iiwa/model.urdf'

joint_upper_bound: [2.96705972839, 2.09439510239, 2.96705972839, 2.09439510239, 2.96705972839, 2.09439510239, 3.05432619099]
joint_lower_bound: [-2.96705972839, -2.09439510239, -2.96705972839, -2.09439510239, -2.96705972839, -2.09439510239, -3.05432619099]

link_color: {'lbr_iiwa_link_0': [0.2, 0.2, 0.2, 1.0], 'lbr_iiwa_link_1': [0.5, 0.7, 1.0, 1.0],
              'lbr_iiwa_link_2': [0.5, 0.7, 1.0, 1.0], 'lbr_iiwa_link_3':[1.0, 0.423529411765, 0.0392156862745, 1.0],
              'lbr_iiwa_link_4':[0.5, 0.7, 1.0, 1.0], 'lbr_iiwa_link_5': [0.5, 0.7, 1.0, 1.0],
              'lbr_iiwa_link_6':[1.0, 0.423529411765, 0.0392156862745, 1.0], 'lbr_iiwa_link_7': [0.2, 0.2, 0.2, 1.0]}

