robot_urdf_path: 'robots/kuka_iiwa/model.urdf'

joint_upper_bound: [2.96705972839, 2.09439510239, 2.96705972839, 2.09439510239, 2.96705972839, 2.09439510239, 3.05432619099]
joint_lower_bound: [-2.96705972839, -2.09439510239, -2.96705972839, -2.09439510239, -2.96705972839, -2.09439510239, -3.05432619099]
